4.9972
4.59772
3.84939
3.78397
3.63691
3.51421
3.42751
3.25991
3.11527
3.03886
2.97909
2.92118
2.89826
2.86402
2.90283
2.81238
2.77795
2.73082
2.69507
2.66176
2.67509
2.6654
2.60614
2.57202
2.51289
2.56377
2.65582
2.54809
2.52661
2.42931
2.52516
2.60191
2.4422
2.406
2.47407
2.3479
2.28779
2.29112
2.22351
2.14574
2.16732
2.10311
2.00785
1.96903
5.36813
4.72632
3.87832
3.79269
3.65416
3.53763
3.48116
3.34636
3.22813
3.12493
3.03275
2.97585
3.00851
2.98221
2.96326
2.95709
2.90323
2.86609
2.82898
2.78879
2.75357
2.72204
2.70577
2.78356
2.72709
2.68475
2.66606
2.6057
2.58598
2.57466
2.53288
2.59147
2.69409
2.55116
2.54133
2.44082
2.43479
2.39833
2.37991
2.60023
2.50059
2.41503
2.52972
2.41435
2.39698
2.43669
2.31443
2.26421
2.19675
2.10787
2.07061
2.00517
1.95179
1.90583
1.87494
1.83834
1.92819
1.87854
1.92415
1.84873
1.91535
1.87646
1.8082
1.71603
1.6305
1.56456
1.52279
1.50951
1.47971
1.44866
1.42816
1.46235
1.35946
1.34681
1.2885
1.27892
1.30876
1.20415
1.17114
1.14412
1.06103
1.10391
0.997135
0.946737
0.966494
0.908849
0.87871
0.807403
0.773668
0.729114
0.676425
0.65634
0.671219
0.649086
0.670452
0.645885
0.608274
0.567078
0.497857
0.495145
0.458068
0.406873
0.403353
0.359318
0.357802
0.34401
0.311495
0.273763
0.251641
0.229123
0.213339
0.192043
0.176035
0.163221
0.15218
0.14625
0.138523
4.95441
3.68211
3.49856
3.36952
3.19256
3.03187
2.99121
2.99816
2.8741
2.80724
2.75458
2.7122
2.67045
2.63398
2.61091
2.5819
2.54954
2.51808
2.49785
2.48094
2.45596
2.55934
2.4577
2.47916
2.41558
2.38066
2.34458
2.3173
2.33711
2.36992
2.27875
2.22194
2.18345
2.1873
2.2275
2.15406
2.21185
2.15142
2.09648
2.05078
1.9655
1.92795
1.87362
1.85259
1.78005
1.76518
1.8254
1.8314
1.75321
1.78908
1.75206
1.85766
1.69767
1.80124
1.6246
1.51728
1.45819
1.38802
1.31682
1.30829
1.23264
1.24055
1.20044
1.12716
1.20108
1.09942
1.07921
1.03321
1.12271
1.08493
0.993154
0.987707
0.944952
0.870457
0.834611
0.763807
0.696252
0.637093
0.576662
0.573861
0.576793
0.60923
0.556715
0.527855
0.557085
0.484494
0.450541
0.450087
0.396669
0.371378
0.324108
0.315791
0.278915
0.26384
0.256816
0.224537
0.212056
0.194882
0.179622
0.165603
