1.59217
1.31004
1.70023
1.48679
1.41805
1.35261
1.23771
1.55839
1.29848
1.3326
1.2775
1.47764
1.24087
1.1917
1.35767
1.34585
1.61221
1.38742
1.4775
1.32656
1.29164
1.2272
1.48538
1.27869
1.76829
1.44113
1.33509
1.4357
1.5108
1.23833
1.2602
1.46609
1.19051
1.52106
1.52198
1.55855
1.38469
1.51798
1.21218
1.3034
1.21725
1.22951
1.22888
1.32377
1.35012
1.27691
1.29213
1.3477
1.31618
1.23014
1.26777
1.01507
1.2381
1.24725
1.16357
1.19367
1.36149
1.35121
1.41654
1.31723
1.3613
1.43378
1.36719
1.21111
1.15803
1.3434
1.16081
1.24042
1.30485
1.34169
0.884108
1.11728
1.07501
1.36322
1.36738
1.19324
1.37559
1.31098
1.127
1.29395
1.43935
1.29416
1.20724
1.29963
1.3239
1.23243
1.2858
1.15383
1.33708
1.2509
1.34114
1.29622
1.26098
1.11513
1.12334
1.43238
1.35501
1.21827
1.25882
1.08774
1.23395
1.17825
1.29706
1.14226
1.32257
1.19089
1.20238
1.16849
1.16437
1.09607
1.09611
1.05887
1.34718
1.44976
1.1722
0.959763
1.33443
1.18964
1.11586
1.26001
1.21947
1.19316
1.16227
1.22258
1.24622
1.22689
1.33081
1.34222
1.33458
1.18455
1.38829
1.29995
1.4112
1.41793
1.12161
1.24782
1.18843
1.14836
1.22621
1.11188
1.3452
1.30622
1.06335
1.19528
1.19155
1.28818
1.42008
1.23796
1.13122
1.0915
1.28184
1.32563
1.29181
1.09015
1.22784
1.32788
1.16988
1.08994
1.36111
1.19687
1.12135
1.12881
1.29799
1.08662
0.957735
1.20129
1.02821
1.20991
1.27751
1.07605
1.31904
1.24542
1.1858
1.27073
1.28248
1.38307
1.22903
1.02467
1.21154
1.40896
0.943323
1.18722
1.05221
1.24486
1.21513
1.10194
0.924405
1.05779
1.1019
1.11163
1.20508
1.55969
1.27182
1.11821
1.17107
1.09502
1.17209
1.07668
1.40174
1.28745
